image: /home/uapc/MyRobot/maps/globalmap.pgm
resolution: 0.100000
origin: [-410.000000, 75.009361, 0.000000]
negate: 0
occupied_thresh: 0.65
free_thresh: 0.196

